33
ZEDCam001Left.png ZEDCam001Right.png ZEDCam001Depth.png 1398.160590 0.000000 918.159000 0.000000 1398.160590 550.880000 0.000000 0.000000 1.000000 1399.380000 0.000000 953.430000 0.000000 1399.380000 504.712000 0.000000 0.000000 1.000000 120.071000 0.711251441025143 0.332657937087856 -0.619240848588406 -0.320805906466501 0.937455656257844 0.135130594310694 0.625463110058654 0.102544644106881 0.773485502409026 4.57899 -0.865877 1.16336
ZEDCam002Left.png ZEDCam002Right.png ZEDCam002Depth.png 1398.160590 0.000000 918.159000 0.000000 1398.160590 550.880000 0.000000 0.000000 1.000000 1399.380000 0.000000 953.430000 0.000000 1399.380000 504.712000 0.000000 0.000000 1.000000 120.071000 0.899082528441186 0.200468362796594 -0.389182431377284 -0.202688569705367 0.978587736173021 0.035824151649687 0.388030763066375 0.046673993275491 0.920463798335601 2.05134 -0.229907 0.0597451
ZEDCam003Left.png ZEDCam003Right.png ZEDCam003Depth.png 1398.160590 0.000000 918.159000 0.000000 1398.160590 550.880000 0.000000 0.000000 1.000000 1399.380000 0.000000 953.430000 0.000000 1399.380000 504.712000 0.000000 0.000000 1.000000 120.071000 0.989039972362903 0.059826271455815 -0.134984335718218 -0.061118063319710 0.998115706631564 -0.005442614182555 0.134404374860498 0.013632936469718 0.990832793297030 -0.660096 -0.173471 -0.0541377
ZEDCam004Left.png ZEDCam004Right.png ZEDCam004Depth.png 1398.160590 0.000000 918.159000 0.000000 1398.160590 550.880000 0.000000 0.000000 1.000000 1399.380000 0.000000 953.430000 0.000000 1399.380000 504.712000 0.000000 0.000000 1.000000 120.071000 0.998827699692971 -0.00004883527743854268 -0.048406819739910 -0.0002410794180749191 0.999982071032194 -0.005983263124807 0.048406244048992 0.005987918838977 0.998809779970134 -2.98374 -0.533643 0.556499
ZEDCam005Left.png ZEDCam005Right.png ZEDCam005Depth.png 1398.160590 0.000000 918.159000 0.000000 1398.160590 550.880000 0.000000 0.000000 1.000000 1399.380000 0.000000 953.430000 0.000000 1399.380000 504.712000 0.000000 0.000000 1.000000 120.071000 0.960497714148550 0.205869886278679 0.187247575963987 -0.204568959801112 0.978494446409911 -0.026459733054185 -0.188667976791707 -0.012890566745169 0.981956309086355 -4.63454 -1.58676 1.969
ZEDCam006Left.png ZEDCam006Right.png ZEDCam006Depth.png 1398.160590 0.000000 918.159000 0.000000 1398.160590 550.880000 0.000000 0.000000 1.000000 1399.380000 0.000000 953.430000 0.000000 1399.380000 504.712000 0.000000 0.000000 1.000000 120.071000 1.000000 0.000000 0.000000 0.000000 1.000000 0.000000 0.000000 0.000000 1.000000 0.000000 0.000000 0.000000
ZEDCam007Left.png ZEDCam007Right.png ZEDCam007Depth.png 1398.160590 0.000000 918.159000 0.000000 1398.160590 550.880000 0.000000 0.000000 1.000000 1399.380000 0.000000 953.430000 0.000000 1399.380000 504.712000 0.000000 0.000000 1.000000 120.071000 1.000000 0.000000 0.000000 0.000000 1.000000 0.000000 0.000000 0.000000 1.000000 0.000000 0.000000 0.000000
ZEDCam008Left.png ZEDCam008Right.png ZEDCam008Depth.png 1398.160590 0.000000 918.159000 0.000000 1398.160590 550.880000 0.000000 0.000000 1.000000 1399.380000 0.000000 953.430000 0.000000 1399.380000 504.712000 0.000000 0.000000 1.000000 120.071000 1.000000 0.000000 0.000000 0.000000 1.000000 0.000000 0.000000 0.000000 1.000000 0.000000 0.000000 0.000000
ZEDCam009Left.png ZEDCam009Right.png ZEDCam009Depth.png 1398.160590 0.000000 918.159000 0.000000 1398.160590 550.880000 0.000000 0.000000 1.000000 1399.380000 0.000000 953.430000 0.000000 1399.380000 504.712000 0.000000 0.000000 1.000000 120.071000 1.000000 0.000000 0.000000 0.000000 1.000000 0.000000 0.000000 0.000000 1.000000 0.000000 0.000000 0.000000
ZEDCam010Left.png ZEDCam010Right.png ZEDCam010Depth.png 1398.160590 0.000000 918.159000 0.000000 1398.160590 550.880000 0.000000 0.000000 1.000000 1399.380000 0.000000 953.430000 0.000000 1399.380000 504.712000 0.000000 0.000000 1.000000 120.071000 1.000000 0.000000 0.000000 0.000000 1.000000 0.000000 0.000000 0.000000 1.000000 0.000000 0.000000 0.000000
ZEDCam011Left.png ZEDCam011Right.png ZEDCam011Depth.png 1398.160590 0.000000 918.159000 0.000000 1398.160590 550.880000 0.000000 0.000000 1.000000 1399.380000 0.000000 953.430000 0.000000 1399.380000 504.712000 0.000000 0.000000 1.000000 120.071000 1.000000 0.000000 0.000000 0.000000 1.000000 0.000000 0.000000 0.000000 1.000000 0.000000 0.000000 0.000000
ZEDCam012Left.png ZEDCam012Right.png ZEDCam012Depth.png 1398.160590 0.000000 918.159000 0.000000 1398.160590 550.880000 0.000000 0.000000 1.000000 1399.380000 0.000000 953.430000 0.000000 1399.380000 504.712000 0.000000 0.000000 1.000000 120.071000 1.000000 0.000000 0.000000 0.000000 1.000000 0.000000 0.000000 0.000000 1.000000 0.000000 0.000000 0.000000
ZEDCam013Left.png ZEDCam013Right.png ZEDCam013Depth.png 1398.160590 0.000000 918.159000 0.000000 1398.160590 550.880000 0.000000 0.000000 1.000000 1399.380000 0.000000 953.430000 0.000000 1399.380000 504.712000 0.000000 0.000000 1.000000 120.071000 1.000000 0.000000 0.000000 0.000000 1.000000 0.000000 0.000000 0.000000 1.000000 0.000000 0.000000 0.000000
ZEDCam014Left.png ZEDCam014Right.png ZEDCam014Depth.png 1398.160590 0.000000 918.159000 0.000000 1398.160590 550.880000 0.000000 0.000000 1.000000 1399.380000 0.000000 953.430000 0.000000 1399.380000 504.712000 0.000000 0.000000 1.000000 120.071000 1.000000 0.000000 0.000000 0.000000 1.000000 0.000000 0.000000 0.000000 1.000000 0.000000 0.000000 0.000000
ZEDCam015Left.png ZEDCam015Right.png ZEDCam015Depth.png 1398.160590 0.000000 918.159000 0.000000 1398.160590 550.880000 0.000000 0.000000 1.000000 1399.380000 0.000000 953.430000 0.000000 1399.380000 504.712000 0.000000 0.000000 1.000000 120.071000 1.000000 0.000000 0.000000 0.000000 1.000000 0.000000 0.000000 0.000000 1.000000 0.000000 0.000000 0.000000
ZEDCam016Left.png ZEDCam016Right.png ZEDCam016Depth.png 1398.160590 0.000000 918.159000 0.000000 1398.160590 550.880000 0.000000 0.000000 1.000000 1399.380000 0.000000 953.430000 0.000000 1399.380000 504.712000 0.000000 0.000000 1.000000 120.071000 1.000000 0.000000 0.000000 0.000000 1.000000 0.000000 0.000000 0.000000 1.000000 0.000000 0.000000 0.000000
ZEDCam017Left.png ZEDCam017Right.png ZEDCam017Depth.png 1398.160590 0.000000 918.159000 0.000000 1398.160590 550.880000 0.000000 0.000000 1.000000 1399.380000 0.000000 953.430000 0.000000 1399.380000 504.712000 0.000000 0.000000 1.000000 120.071000 1.000000 0.000000 0.000000 0.000000 1.000000 0.000000 0.000000 0.000000 1.000000 0.000000 0.000000 0.000000
ZEDCam018Left.png ZEDCam018Right.png ZEDCam018Depth.png 1398.160590 0.000000 918.159000 0.000000 1398.160590 550.880000 0.000000 0.000000 1.000000 1399.380000 0.000000 953.430000 0.000000 1399.380000 504.712000 0.000000 0.000000 1.000000 120.071000 1.000000 0.000000 0.000000 0.000000 1.000000 0.000000 0.000000 0.000000 1.000000 0.000000 0.000000 0.000000
ZEDCam019Left.png ZEDCam019Right.png ZEDCam019Depth.png 1398.160590 0.000000 918.159000 0.000000 1398.160590 550.880000 0.000000 0.000000 1.000000 1399.380000 0.000000 953.430000 0.000000 1399.380000 504.712000 0.000000 0.000000 1.000000 120.071000 1.000000 0.000000 0.000000 0.000000 1.000000 0.000000 0.000000 0.000000 1.000000 0.000000 0.000000 0.000000
ZEDCam020Left.png ZEDCam020Right.png ZEDCam020Depth.png 1398.160590 0.000000 918.159000 0.000000 1398.160590 550.880000 0.000000 0.000000 1.000000 1399.380000 0.000000 953.430000 0.000000 1399.380000 504.712000 0.000000 0.000000 1.000000 120.071000 1.000000 0.000000 0.000000 0.000000 1.000000 0.000000 0.000000 0.000000 1.000000 0.000000 0.000000 0.000000
ZEDCam021Left.png ZEDCam021Right.png ZEDCam021Depth.png 1398.160590 0.000000 918.159000 0.000000 1398.160590 550.880000 0.000000 0.000000 1.000000 1399.380000 0.000000 953.430000 0.000000 1399.380000 504.712000 0.000000 0.000000 1.000000 120.071000 1.000000 0.000000 0.000000 0.000000 1.000000 0.000000 0.000000 0.000000 1.000000 0.000000 0.000000 0.000000
ZEDCam022Left.png ZEDCam022Right.png ZEDCam022Depth.png 1398.160590 0.000000 918.159000 0.000000 1398.160590 550.880000 0.000000 0.000000 1.000000 1399.380000 0.000000 953.430000 0.000000 1399.380000 504.712000 0.000000 0.000000 1.000000 120.071000 1.000000 0.000000 0.000000 0.000000 1.000000 0.000000 0.000000 0.000000 1.000000 0.000000 0.000000 0.000000
ZEDCam023Left.png ZEDCam023Right.png ZEDCam023Depth.png 1398.160590 0.000000 918.159000 0.000000 1398.160590 550.880000 0.000000 0.000000 1.000000 1399.380000 0.000000 953.430000 0.000000 1399.380000 504.712000 0.000000 0.000000 1.000000 120.071000 1.000000 0.000000 0.000000 0.000000 1.000000 0.000000 0.000000 0.000000 1.000000 0.000000 0.000000 0.000000
ZEDCam024Left.png ZEDCam024Right.png ZEDCam024Depth.png 1398.160590 0.000000 918.159000 0.000000 1398.160590 550.880000 0.000000 0.000000 1.000000 1399.380000 0.000000 953.430000 0.000000 1399.380000 504.712000 0.000000 0.000000 1.000000 120.071000 1.000000 0.000000 0.000000 0.000000 1.000000 0.000000 0.000000 0.000000 1.000000 0.000000 0.000000 0.000000
ZEDCam025Left.png ZEDCam025Right.png ZEDCam025Depth.png 1398.160590 0.000000 918.159000 0.000000 1398.160590 550.880000 0.000000 0.000000 1.000000 1399.380000 0.000000 953.430000 0.000000 1399.380000 504.712000 0.000000 0.000000 1.000000 120.071000 1.000000 0.000000 0.000000 0.000000 1.000000 0.000000 0.000000 0.000000 1.000000 0.000000 0.000000 0.000000
ZEDCam026Left.png ZEDCam026Right.png ZEDCam026Depth.png 1398.160590 0.000000 918.159000 0.000000 1398.160590 550.880000 0.000000 0.000000 1.000000 1399.380000 0.000000 953.430000 0.000000 1399.380000 504.712000 0.000000 0.000000 1.000000 120.071000 1.000000 0.000000 0.000000 0.000000 1.000000 0.000000 0.000000 0.000000 1.000000 0.000000 0.000000 0.000000
ZEDCam027Left.png ZEDCam027Right.png ZEDCam027Depth.png 1398.160590 0.000000 918.159000 0.000000 1398.160590 550.880000 0.000000 0.000000 1.000000 1399.380000 0.000000 953.430000 0.000000 1399.380000 504.712000 0.000000 0.000000 1.000000 120.071000 1.000000 0.000000 0.000000 0.000000 1.000000 0.000000 0.000000 0.000000 1.000000 0.000000 0.000000 0.000000
ZEDCam028Left.png ZEDCam028Right.png ZEDCam028Depth.png 1398.160590 0.000000 918.159000 0.000000 1398.160590 550.880000 0.000000 0.000000 1.000000 1399.380000 0.000000 953.430000 0.000000 1399.380000 504.712000 0.000000 0.000000 1.000000 120.071000 1.000000 0.000000 0.000000 0.000000 1.000000 0.000000 0.000000 0.000000 1.000000 0.000000 0.000000 0.000000
ZEDCam029Left.png ZEDCam029Right.png ZEDCam029Depth.png 1398.160590 0.000000 918.159000 0.000000 1398.160590 550.880000 0.000000 0.000000 1.000000 1399.380000 0.000000 953.430000 0.000000 1399.380000 504.712000 0.000000 0.000000 1.000000 120.071000 1.000000 0.000000 0.000000 0.000000 1.000000 0.000000 0.000000 0.000000 1.000000 0.000000 0.000000 0.000000
ZEDCam030Left.png ZEDCam030Right.png ZEDCam030Depth.png 1398.160590 0.000000 918.159000 0.000000 1398.160590 550.880000 0.000000 0.000000 1.000000 1399.380000 0.000000 953.430000 0.000000 1399.380000 504.712000 0.000000 0.000000 1.000000 120.071000 1.000000 0.000000 0.000000 0.000000 1.000000 0.000000 0.000000 0.000000 1.000000 0.000000 0.000000 0.000000
ZEDCam031Left.png ZEDCam031Right.png ZEDCam031Depth.png 1398.160590 0.000000 918.159000 0.000000 1398.160590 550.880000 0.000000 0.000000 1.000000 1399.380000 0.000000 953.430000 0.000000 1399.380000 504.712000 0.000000 0.000000 1.000000 120.071000 1.000000 0.000000 0.000000 0.000000 1.000000 0.000000 0.000000 0.000000 1.000000 0.000000 0.000000 0.000000
ZEDCam032Left.png ZEDCam032Right.png ZEDCam032Depth.png 1398.160590 0.000000 918.159000 0.000000 1398.160590 550.880000 0.000000 0.000000 1.000000 1399.380000 0.000000 953.430000 0.000000 1399.380000 504.712000 0.000000 0.000000 1.000000 120.071000 1.000000 0.000000 0.000000 0.000000 1.000000 0.000000 0.000000 0.000000 1.000000 0.000000 0.000000 0.000000
ZEDCam033Left.png ZEDCam033Right.png ZEDCam033Depth.png 1398.160590 0.000000 918.159000 0.000000 1398.160590 550.880000 0.000000 0.000000 1.000000 1399.380000 0.000000 953.430000 0.000000 1399.380000 504.712000 0.000000 0.000000 1.000000 120.071000 1.000000 0.000000 0.000000 0.000000 1.000000 0.000000 0.000000 0.000000 1.000000 0.000000 0.000000 0.000000
